400 31 31 30 32 0 0 0 0 3314700
400 31 31 30 33 0 0 0 0 3545950
400 31 31 30 33 0 2 0 3 3695949
400 31 31 30 33 0 2 0 2 3809458
400 31 31 30 33 0 2 0 2 3915709
400 31 31 30 33 0 2 0 2 4021893
400 31 31 30 33 0 2 0 2 4128211
400 31 31 30 33 0 2 0 2 4234394
400 31 31 30 33 0 2 0 2 4463695
400 31 31 30 33 0 2 0 2 4958500
400 31 31 30 33 0 2 0 2 5445840
400 31 31 30 33 0 2 0 2 5940094
400 31 31 30 33 0 2 0 2 6432563
400 31 31 30 33 0 2 0 2 6929330
400 31 31 31 33 0 2 0 2 7437617
400 31 31 31 33 0 2 0 2 7919073
400 31 31 31 33 0 2 0 2 8446888
400 31 31 31 33 0 2 0 2 8907476
400 31 31 31 33 0 2 0 2 9423659
400 31 31 31 33 0 2 0 1 9892679
400 31 31 31 33 0 2 0 1 10388887
400 31 31 31 33 0 2 0 1 10883019
400 31 31 31 33 0 2 0 1 11467409
400 31 31 31 33 0 2 0 1 11868559
400 31 31 31 33 0 2 0 1 12446159
400 31 31 31 33 0 2 0 1 12857032
400 31 31 31 33 0 2 0 1 13353163
400 31 31 31 33 0 2 0 1 13844386
400 31 31 31 33 0 2 0 1 14456991
400 31 31 31 33 0 2 0 1 14829563
400 31 31 31 33 0 2 0 1 15324076
400 31 31 31 33 0 2 0 1 15822830
400 31 31 31 33 0 2 0 1 16310071
400 31 31 31 33 0 2 0 1 16807007
400 31 31 31 33 0 2 0 1 17420221
400 31 31 31 33 0 2 0 1 17795550
400 31 31 31 33 0 2 0 1 18284898
400 31 31 31 33 0 2 0 1 18785057
400 31 31 31 33 0 2 0 1 19277018
400 31 31 31 33 0 2 0 1 19768829
400 31 31 31 33 0 2 0 1 20266877
400 31 31 31 33 0 2 0 1 20757220
400 31 31 33 33 0 2 0 1 21254785
400 31 31 31 33 0 2 0 1 21742874
400 31 31 31 33 0 2 0 1 22236408
400 31 31 31 33 0 2 0 1 22733097
400 31 31 31 33 0 2 0 1 23227903
400 31 31 31 33 0 2 0 1 23718925
400 31 31 31 33 0 2 0 1 24211367
400 31 31 31 33 0 2 0 1 24712318
400 31 31 31 33 0 2 0 1 25208845
400 31 31 31 33 0 2 0 1 25695194
400 31 31 31 33 0 2 0 1 26186542
400 31 31 31 33 0 2 0 1 26684462
400 31 31 31 33 0 2 0 1 27178056
400 31 31 31 33 0 2 0 1 27670968
400 31 31 31 33 0 2 0 1 28163089
400 31 31 31 33 0 2 0 1 28658709
400 31 31 31 33 0 2 0 1 29156624
400 31 31 31 33 0 2 0 1 29665877
400 31 31 31 33 0 2 0 1 30141709
400 31 31 31 33 0 2 0 1 30631775
400 31 31 31 34 0 2 0 1 31128532
400 31 31 31 34 0 2 0 1 31209805
400 31 31 31 33 0 2 0 1 31625561
400 31 31 31 33 0 2 0 1 32115361
400 31 31 31 33 0 2 0 1 32608422
400 31 31 31 33 0 2 0 1 33100708
400 31 31 31 33 0 2 0 1 33601608
400 31 31 32 33 0 2 0 1 34091713
400 31 31 31 33 0 2 0 1 34588837
400 31 31 31 33 0 2 0 1 35075737
400 31 31 31 33 0 2 0 1 35570811
400 31 31 31 33 0 2 0 1 36069007
400 31 31 31 33 0 2 0 1 36559367
400 31 31 31 33 0 2 0 1 37061791
400 31 31 32 33 0 2 0 1 37545001
400 31 31 31 33 0 2 0 1 38058240
400 31 31 31 33 0 2 0 1 38545176
400 31 31 31 33 0 2 0 1 39028287
400 32 31 31 33 0 2 0 1 39525429
400 32 31 31 33 0 2 0 1 39639530
400 31 31 31 33 0 2 0 1 40020111
400 31 31 32 33 0 2 0 1 40524816
400 31 31 32 33 0 2 0 1 41004651
400 31 31 32 33 0 2 0 1 41527200
400 31 31 32 33 0 2 0 1 41989279
400 31 31 31 33 0 2 0 1 42490950
400 31 31 32 33 0 2 0 1 42980548
400 31 31 32 33 0 2 0 1 43553346
400 31 31 32 33 0 2 0 1 43964804
400 31 31 30 33 0 2 0 1 44530013
400 31 31 32 33 0 2 0 2 44954868
400 31 31 32 33 0 2 0 2 45531887
400 31 31 32 33 0 2 0 2 45943291
400 31 31 32 33 0 2 0 2 46525012
400 31 31 32 33 0 2 0 2 46928464
400 31 31 32 33 0 2 0 2 47507930
400 31 31 32 33 0 2 0 2 47922850
400 31 31 32 33 0 2 0 2 48502721
400 31 31 32 33 0 2 0 2 48900914
400 31 31 32 33 0 2 0 2 49496471
400 31 31 32 33 0 2 0 2 49889809
400 31 31 32 33 0 2 0 2 50382304
400 31 31 32 33 0 2 0 2 50880067
400 31 31 32 33 0 2 0 2 51374179
400 31 31 32 33 0 2 0 2 51864821
400 31 31 32 33 0 2 0 2 52370568
400 31 30 32 33 0 2 0 2 52863252
400 31 31 32 33 0 2 0 2 53365221
400 31 31 32 33 0 2 0 2 53844981
400 31 31 32 33 0 2 0 2 54332127
400 31 31 32 33 0 2 0 2 54831861
400 31 31 32 33 0 2 0 2 55319729
400 31 31 32 33 0 2 0 2 55813080
400 31 31 32 33 0 2 0 2 56310735
400 31 31 32 33 0 2 0 2 56804865
400 31 31 32 33 0 2 0 2 57298546
400 31 31 32 33 0 2 0 2 57789620
400 31 31 32 33 0 2 0 2 58299149
400 31 31 32 33 0 2 0 2 58777381
400 31 31 32 33 0 2 0 2 59269253
400 31 31 32 33 0 2 0 2 59763991
400 31 31 32 33 0 2 0 2 60256372
400 31 31 32 33 0 2 0 2 60767290
400 31 31 32 33 0 2 0 2 61243944
400 31 31 32 33 0 2 0 2 61739888
400 31 31 32 33 0 2 0 2 62230526
400 31 31 32 33 0 2 0 2 62731333
400 31 31 32 33 0 2 0 2 63216460
400 32 31 32 33 0 2 0 2 63727664
400 31 31 32 33 0 2 0 2 64204391
400 31 31 32 33 0 2 0 2 64703698
400 31 31 32 33 0 2 0 2 65192140
400 31 31 32 33 0 2 0 2 65686107
400 32 31 32 33 0 2 0 2 66178224
400 31 31 33 33 0 2 0 2 66678031
400 31 31 32 33 0 2 0 2 67166401
400 31 31 32 33 0 2 0 2 67663150
400 31 31 32 33 0 2 0 2 68156231
400 31 31 32 33 0 2 0 2 68650681
400 31 31 32 33 0 2 0 2 69145822
400 31 31 32 33 0 2 0 2 69641485
400 31 31 32 33 0 2 0 2 70138813
400 31 31 32 33 0 2 0 2 70622800
400 31 31 32 33 0 2 0 2 71122410
400 31 31 32 33 0 2 0 2 71611539
400 31 31 32 33 0 2 0 2 72106834
400 31 31 32 33 0 2 0 2 72601230
400 31 31 32 33 0 2 0 2 73097467
400 31 31 32 33 0 2 0 2 73585883
400 31 31 32 33 0 2 0 2 74099587
400 31 31 32 33 0 2 0 2 74574100
400 31 31 32 33 0 2 0 2 75072234
400 31 31 32 33 0 2 0 2 75633554
400 31 31 32 33 0 2 0 2 76144393
400 31 31 32 33 0 2 0 2 76568241
400 31 31 32 33 0 2 0 2 77045931
400 31 31 32 33 0 2 0 2 77540033
400 31 31 32 33 0 2 0 2 78030175
400 31 31 32 33 0 2 0 2 78531262
400 31 31 32 33 0 2 0 2 79021026
400 31 31 32 33 0 2 0 2 79523890
400 31 31 32 33 0 2 0 2 80007333
400 31 31 32 33 0 2 0 2 80576679
400 31 31 32 33 0 2 0 2 80996319
400 31 31 32 33 0 2 0 2 81604387
400 31 31 32 33 0 2 0 2 81979732
400 31 31 32 33 0 2 0 2 82546992
400 31 31 32 34 0 2 0 2 82969393
400 31 31 32 33 0 2 0 2 83527097
400 31 31 32 33 0 2 0 2 83959340
400 31 31 32 33 0 2 0 2 84571367
400 31 31 32 33 0 2 0 2 84946844
400 31 31 32 33 0 2 0 2 85444154
400 31 31 32 33 0 2 0 2 85960635
400 31 31 32 33 0 2 0 2 86423337
400 31 31 32 33 0 2 0 2 86929167
400 31 32 32 33 0 2 0 2 87411178
400 31 31 32 33 0 2 0 2 87905245
400 31 31 32 33 0 2 0 2 88403305
400 31 31 32 33 0 2 0 2 88898486
400 31 31 32 33 0 2 0 2 89389110
400 31 31 32 33 0 2 0 2 89880287
400 31 31 32 33 0 2 0 2 90375787
400 31 31 32 33 0 2 0 2 90873992
400 31 31 32 33 0 2 0 2 91366619
400 31 31 32 33 0 2 0 2 91857844
400 31 31 32 33 0 2 0 2 92351696
400 31 31 32 33 0 2 0 2 92841840
400 31 31 32 33 0 2 0 2 93341459
400 31 31 32 33 0 2 0 2 93835142
400 31 31 32 33 0 2 0 2 94342242
400 31 31 32 33 0 2 0 2 94822821
400 31 31 32 33 0 2 0 2 95313581
400 31 31 32 33 0 2 0 2 95805891
400 31 31 32 33 0 2 0 2 96302785
400 32 31 32 33 0 2 0 2 96802148
400 31 31 32 33 0 2 0 2 97289753
400 32 31 32 33 0 2 0 2 97781777
400 31 31 32 33 0 2 0 2 98274325
400 31 31 32 33 0 2 0 2 98768744
400 32 31 32 33 0 2 0 2 99264079
400 31 31 32 33 0 2 0 2 99759645
400 31 31 32 33 0 2 0 2 100248976
400 31 31 32 33 0 2 0 2 100743306
400 31 31 32 33 0 2 0 1 101233587
400 31 31 32 33 0 2 0 1 101727830
400 31 31 32 33 0 2 0 1 102223033
400 32 31 32 33 0 2 0 1 102717613
400 32 31 32 33 0 2 0 1 103206331
400 31 31 32 33 0 2 0 1 103704991
400 32 31 32 33 0 2 0 1 104199244
400 31 31 32 33 0 2 0 1 104691566
400 31 31 32 33 0 2 0 1 105182233
400 32 31 32 33 0 2 0 1 105692315
400 32 31 32 33 0 2 0 1 106173033
400 32 31 32 33 0 2 0 1 106664289
400 32 31 32 33 0 2 0 1 107154584
400 31 31 32 33 0 2 0 1 107652414
400 32 31 32 33 0 2 0 1 108149985
400 32 31 32 33 0 2 0 1 108641356
400 32 31 32 33 0 2 0 1 109130477
400 31 31 32 33 0 2 0 1 109627722
400 32 31 32 33 0 2 0 1 110123652
400 32 31 32 33 0 2 0 1 110615637
400 32 31 32 33 0 2 0 1 111109816
400 32 31 32 33 0 2 0 1 111600993
400 32 31 32 33 0 2 0 1 112101325
400 32 31 32 33 0 2 0 1 112603450
400 32 32 32 33 0 2 0 1 113080031
400 32 31 32 33 0 2 0 0 113631575
400 32 32 32 33 0 2 0 0 114074557
400 32 32 32 33 0 2 0 0 114601054
400 32 32 32 33 0 2 0 0 115061539
400 32 32 32 33 0 2 0 0 115609701
400 32 32 32 33 0 2 0 0 116045550
400 32 32 32 33 0 2 0 0 116608866
400 32 32 32 33 0 2 0 0 117032587
400 32 32 32 33 0 2 0 0 117604179
400 32 32 32 33 0 2 0 0 118023013
400 32 32 32 33 0 2 0 0 118605534
400 32 32 32 33 0 2 0 0 119008900
400 32 32 32 33 0 2 0 0 119606783
400 32 32 32 33 0 2 0 0 119997960
400 32 32 32 33 0 2 0 0 120491263
400 32 32 32 33 0 2 0 0 120983050
400 32 32 32 33 0 2 0 0 121469391
400 32 32 32 33 0 2 0 0 121972731
400 32 32 32 33 0 2 0 0 122464319
400 32 32 32 33 0 2 0 1 122956755
400 32 32 32 33 0 2 0 1 123447375
400 32 32 32 33 0 2 0 1 123940886
400 32 32 32 33 0 2 0 1 124453651
400 32 32 32 33 0 2 0 1 124929937
400 32 32 32 33 0 2 0 1 125423067
400 32 32 32 33 0 2 0 1 125917357
400 32 32 32 33 0 2 0 1 126410359
400 32 32 32 33 0 2 0 1 126903947
400 32 32 32 33 0 2 0 1 127397074
400 32 32 32 33 0 2 0 1 127894364
400 32 32 32 33 0 2 0 1 128388395
400 32 32 32 33 0 2 0 1 128880004
400 32 32 32 34 0 2 0 1 129371428
400 32 32 32 34 0 2 0 1 129879762
400 32 32 31 34 0 2 0 1 130361422
400 32 32 31 34 0 2 0 1 130850603
400 32 32 31 34 0 2 0 1 131345801
400 32 32 31 34 0 2 0 1 131844124
400 32 32 31 34 0 2 0 1 132336436
400 32 32 31 34 0 2 0 1 132832213
400 32 32 31 34 0 2 0 1 133319037
400 32 32 31 34 0 2 0 1 133817405
400 32 32 31 34 0 2 0 1 134307145
400 32 32 31 34 0 2 0 1 134800334
400 32 32 31 34 0 2 0 1 135295186
400 32 32 31 34 0 2 0 1 135789233
400 32 32 31 34 0 2 0 1 136285162
400 32 32 31 34 0 2 0 1 136785789
400 32 32 31 34 0 2 0 1 137268563
400 32 32 30 34 0 2 0 1 137765616
400 32 32 30 34 0 2 0 1 138261108
400 32 32 30 34 0 2 0 1 138752532
400 32 32 30 34 0 2 0 1 139252338
400 32 32 30 34 0 2 0 1 139741877
400 32 32 30 34 0 2 0 1 140237810
400 32 32 30 34 0 2 0 1 140728563
400 32 32 30 34 0 2 0 1 141220286
400 32 32 30 34 0 2 0 1 141715240
400 32 32 30 34 0 2 0 1 142206731
400 32 32 30 34 0 2 0 1 142702730
400 32 32 30 34 0 2 0 1 143200604
400 32 32 30 34 0 2 0 1 143684414
400 32 32 30 34 0 2 0 1 144191527
400 32 32 30 34 0 2 0 1 144677582
400 32 32 30 34 0 2 0 1 145173117
400 32 32 30 34 0 2 0 1 145661992
400 32 32 30 34 0 2 0 1 146157712
400 32 32 30 34 0 2 0 1 146651680
400 32 32 30 34 0 2 0 1 147141378
400 32 32 30 34 0 2 0 1 147653866
400 32 32 30 34 0 2 0 1 148150413
400 32 32 30 34 0 2 0 1 148667512
400 32 32 30 34 0 2 0 1 149124998
400 32 32 30 34 0 2 0 2 149657617
400 32 32 30 34 0 2 0 2 150104571
400 32 32 30 34 0 2 0 1 150650846
400 32 32 30 34 0 2 0 1 151093739
400 32 32 30 34 0 2 0 1 151678137
400 32 32 30 34 0 2 0 1 152083801
400 32 32 30 34 0 2 0 1 152636158
400 32 32 30 34 0 2 0 1 153074147
400 32 32 30 34 0 2 0 1 153661992
400 32 32 30 34 0 2 0 2 154064887
400 32 32 30 34 0 2 0 2 154564283
400 32 32 30 34 0 2 0 1 155047139
400 32 32 30 34 0 2 0 1 155544804
400 32 31 30 34 0 2 0 1 156033860
400 32 31 30 34 0 2 0 1 156538242
400 32 32 30 34 0 2 0 1 157027451
400 32 32 30 34 0 2 0 1 157516338
400 32 31 30 34 0 2 0 1 158014995
400 32 31 30 34 0 2 0 1 158513658
400 32 31 30 34 0 2 0 1 159001880
400 32 31 30 34 0 2 0 1 159493820
400 32 31 30 34 0 2 0 1 159995941
400 32 31 30 34 0 2 0 1 160483150
400 32 31 30 33 0 2 0 1 160975939
400 32 31 30 33 0 2 0 1 161462586
400 32 31 30 33 0 2 0 1 161960861
400 32 31 30 33 0 2 0 1 162457168
400 32 31 30 33 0 2 0 1 162945780
400 32 31 31 33 0 2 0 1 163438951
400 32 31 31 33 0 2 0 1 163935752
400 32 31 31 33 0 2 0 1 164430792
400 32 31 31 33 0 2 0 1 164924811
400 32 31 31 33 0 2 0 1 165418503
400 32 31 31 33 0 2 0 1 165909287
400 32 31 31 33 0 2 0 1 166406031
400 32 31 31 33 0 2 0 1 166900180
400 32 31 31 33 0 2 0 1 167405009
400 32 31 31 33 0 2 0 1 167888952
400 32 31 31 33 0 2 0 1 168379919
400 32 31 31 33 0 2 0 1 168878479
400 32 31 31 33 0 2 0 1 169369928
400 32 31 31 33 0 2 0 1 169863707
400 32 31 31 33 0 2 0 1 170355357
400 32 31 31 33 0 2 0 1 170864272
400 32 31 31 33 0 2 0 1 171343311
400 31 31 31 33 0 2 0 1 171850360
400 32 31 31 33 0 2 0 1 172329337
400 32 31 31 33 0 2 0 1 172820483
400 32 31 31 33 0 2 0 1 173318178
400 32 31 31 33 0 2 0 1 173819330
400 32 31 31 33 0 2 0 1 174312136
400 32 31 31 33 0 2 0 1 174800483
400 32 31 31 33 0 2 0 1 175290819
400 32 31 31 33 0 2 0 1 175784036
400 32 31 31 33 0 2 0 1 176281015
400 32 31 31 33 0 2 0 1 176778881
400 32 31 32 33 0 2 0 1 177265557
400 32 31 32 33 0 2 0 1 177767137
400 32 31 32 33 0 2 0 1 178273101
400 32 31 32 33 0 2 0 1 178748586
400 32 31 32 33 0 2 0 1 179244600
400 32 31 32 33 0 2 0 1 179746001
400 32 31 32 33 0 2 0 1 180234535
400 32 31 32 33 0 2 0 1 180738375
400 32 31 32 33 0 2 0 1 181232978
400 32 31 32 33 0 2 0 1 181716959
400 32 31 32 33 0 2 0 1 182213175
400 32 31 32 33 0 2 0 1 182700568
400 32 31 32 33 0 2 0 1 183192700
400 32 31 32 33 0 2 0 1 183705012
400 32 31 32 33 0 2 0 1 184186551
400 32 31 32 34 0 2 0 1 184705117
400 32 31 32 34 0 2 0 1 185166471
400 32 31 32 34 0 2 0 1 185693138
400 32 31 32 34 0 2 0 1 186161147
400 32 31 32 34 0 2 0 1 186711679
400 32 31 32 34 0 2 0 1 187148907
400 32 31 32 34 0 2 0 1 187725117
400 32 31 32 34 0 2 0 1 188133326
400 32 31 32 34 0 2 0 1 188725429
400 32 31 32 34 0 2 0 1 189130122
400 32 31 32 34 0 2 0 1 189730533
400 31 31 32 34 0 2 0 1 190110108
400 32 31 32 34 0 2 0 1 190719075
400 32 31 32 34 0 2 0 1 191098437
400 31 31 32 34 0 2 0 1 191699492
400 31 31 32 34 0 2 0 1 192083244
400 32 31 32 34 0 2 0 1 192584596
400 31 31 32 34 0 2 0 1 193076673
400 32 31 32 34 0 2 0 1 193580950
400 32 31 32 34 0 2 0 1 194062070
400 32 31 32 34 0 2 0 1 194558115
400 32 31 32 34 0 2 0 1 195047643
400 31 31 32 34 0 2 0 1 195541031
400 32 31 32 34 0 2 0 1 196045614
400 31 31 32 34 0 2 0 1 196526190
400 31 31 32 34 0 2 0 1 197020222
400 31 31 32 34 0 2 0 1 197532375
400 31 31 32 34 0 2 0 1 198010160
400 31 31 32 34 0 2 0 1 198508961
400 32 31 32 34 0 2 0 1 198995414
400 32 31 32 34 0 2 0 1 199493765
400 31 31 32 34 0 2 0 1 199982686
400 31 31 32 34 0 2 0 1 200474429
400 31 31 32 34 0 2 0 1 200979682
400 31 31 32 34 0 2 0 1 201464257
400 31 31 32 34 0 2 0 1 201956980
400 31 31 32 34 0 2 0 1 202452079
400 31 31 32 34 0 2 0 1 202953438
400 31 31 32 34 0 2 0 1 203437339
400 31 31 32 34 0 2 0 1 203932138
400 31 31 32 34 0 2 0 1 204428455
400 31 31 32 34 0 2 0 1 204920180
400 31 31 32 34 0 2 0 1 205414930
400 31 31 32 34 0 2 0 1 205910884
400 31 31 32 34 0 2 0 1 206413952
400 31 31 32 34 0 2 0 1 206900036
400 31 31 32 34 0 2 0 1 207389395
400 31 31 32 34 0 2 0 1 207881766
400 31 31 32 34 0 2 0 1 208380835
400 31 31 32 34 0 2 0 1 208869245
400 31 31 32 34 0 2 0 1 209366305
400 31 31 32 34 0 2 0 1 209872970
400 31 31 32 34 0 2 0 1 210350881
400 31 31 32 34 0 2 0 2 210845624
400 31 31 32 34 0 2 0 1 211340324
400 31 31 32 34 0 2 0 1 211839655
400 31 31 32 34 0 2 0 1 212326792
400 31 31 32 34 0 2 0 1 212819996
400 31 31 32 34 0 2 0 1 213310879
400 31 31 32 34 0 2 0 1 213803880
400 31 31 32 34 0 2 0 1 214300061
400 31 31 32 34 0 2 0 1 214798070
400 31 31 32 34 0 2 0 1 215291052
400 31 31 32 34 0 2 0 1 215784180
400 31 31 32 34 0 2 0 1 216274226
400 31 31 32 34 0 2 0 1 216785638
400 31 31 32 34 0 2 0 1 217265163
400 31 31 32 34 0 2 0 1 217804700
400 31 31 32 34 0 2 0 1 218253999
400 31 31 32 34 0 2 0 1 218804075
400 31 31 32 34 0 2 0 1 219238518
400 31 31 32 34 0 2 0 1 219771783
400 31 31 32 34 0 2 0 1 220226331
400 31 31 32 34 0 2 0 1 220781991
400 31 31 32 34 0 2 0 1 221212754
400 31 31 32 34 0 2 0 1 221764492
400 31 31 32 34 0 2 0 1 222200705
400 31 31 32 34 0 2 0 1 222766366
400 31 31 32 34 0 2 0 1 223193184
400 31 31 33 34 0 2 0 1 223784491
400 31 31 33 34 0 2 0 1 224180779
